[IMG_20170826_124143.jpg]
filters=enhance=1;autolight=1;autocolor=1;finetune2=1,0.245614,0.103860,0.182456,00000000,0.000000;
moddate=00f39fe41638d301
width=4864
height=2736
textactive=0
[IMG_20170826_124135.jpg]
filters=enhance=1;autolight=1;autocolor=1;finetune2=1,0.228070,0.061754,0.196491,00000000,0.000000;
moddate=007777fc1638d301
width=4864
height=2736
textactive=0
